106 0
104 1
101 2
89 3
88 4
87 5
85 6
77 7
72 8
66 9
65 10
65 11
63 12
63 13
63 14
62 15
61 16
60 17
59 18
58 19
57 20
55 21
54 22
54 23
54 24
53 25
53 26
52 27
52 28
51 29
51 30
50 31
49 32
49 33
47 34
47 35
47 36
47 37
46 38
45 39
45 40
45 41
45 42
44 43
44 44
44 45
43 46
43 47
42 48
42 49
43 50
42 51
41 52
41 53
41 54
41 55
41 56
41 57
41 58
40 59
40 60
40 61
40 62
40 63
39 64
39 65
39 66
39 67
39 68
38 69
38 70
38 71
39 72
38 73
37 74
37 75
37 76
37 77
37 78
36 79
36 80
36 81
37 82
36 83
35 84
35 85
34 86
34 87
34 88
34 89
33 90
33 91
33 92
33 93
34 94
32 95
32 96
32 97
32 98
31 99
31 100
31 101
31 102
31 103
31 104
31 105
30 106
30 107
30 108
30 109
30 110
30 111
30 112
30 113
30 114
30 115
30 116
30 117
30 118
31 119
29 120
29 121
29 122
29 123
29 124
29 125
29 126
28 127
28 128
28 129
28 130
28 131
27 132
27 133
27 134
27 135
27 136
27 137
27 138
27 139
27 140
27 141
27 142
27 143
27 144
27 145
27 146
27 147
26 148
26 149
26 150
26 151
26 152
26 153
26 154
26 155
26 156
26 157
26 158
26 159
26 160
27 161
26 162
26 163
25 164
25 165
25 166
25 167
25 168
25 169
25 170
25 171
25 172
25 173
25 174
25 175
25 176
25 177
24 178
24 179
24 180
24 181
24 182
24 183
24 184
24 185
24 186
24 187
24 188
24 189
24 190
24 191
24 192
25 193
23 194
23 195
23 196
23 197
23 198
23 199
23 200
23 201
23 202
23 203
23 204
24 205
24 206
23 207
22 208
22 209
22 210
22 211
22 212
22 213
22 214
22 215
22 216
22 217
22 218
22 219
22 220
22 221
22 222
23 223
22 224
22 225
22 226
21 227
21 228
21 229
21 230
21 231
21 232
21 233
21 234
21 235
21 236
21 237
21 238
21 239
21 240
21 241
21 242
21 243
21 244
22 245
21 246
21 247
21 248
20 249
20 250
20 251
20 252
20 253
20 254
20 255
20 256
20 257
20 258
20 259
20 260
20 261
20 262
20 263
20 264
20 265
20 266
20 267
20 268
20 269
20 270
20 271
19 272
19 273
19 274
19 275
19 276
19 277
19 278
19 279
19 280
19 281
19 282
19 283
19 284
19 285
19 286
19 287
19 288
19 289
19 290
19 291
19 292
19 293
19 294
19 295
19 296
19 297
19 298
19 299
19 300
19 301
20 302
20 303
19 304
19 305
19 306
18 307
18 308
18 309
18 310
18 311
18 312
18 313
18 314
18 315
18 316
18 317
18 318
18 319
18 320
18 321
18 322
18 323
18 324
18 325
18 326
18 327
18 328
18 329
18 330
18 331
18 332
18 333
18 334
18 335
18 336
18 337
18 338
18 339
19 340
18 341
19 342
19 343
17 344
17 345
17 346
17 347
17 348
17 349
17 350
17 351
17 352
17 353
17 354
17 355
17 356
17 357
17 358
17 359
17 360
17 361
17 362
17 363
17 364
17 365
17 366
17 367
17 368
17 369
17 370
17 371
17 372
17 373
17 374
17 375
17 376
17 377
17 378
17 379
17 380
17 381
17 382
17 383
17 384
17 385
17 386
17 387
17 388
17 389
17 390
17 391
17 392
17 393
18 394
18 395
19 396
17 397
17 398
18 399
18 400
16 401
16 402
16 403
16 404
16 405
16 406
16 407
16 408
16 409
16 410
16 411
16 412
16 413
16 414
16 415
16 416
16 417
16 418
16 419
16 420
16 421
16 422
16 423
16 424
16 425
16 426
16 427
16 428
16 429
16 430
16 431
16 432
16 433
16 434
16 435
16 436
16 437
16 438
16 439
16 440
16 441
16 442
16 443
16 444
16 445
16 446
16 447
16 448
16 449
17 450
16 451
16 452
16 453
16 454
17 455
15 456
15 457
15 458
15 459
15 460
15 461
15 462
15 463
15 464
15 465
15 466
15 467
15 468
15 469
15 470
15 471
15 472
15 473
15 474
15 475
15 476
15 477
15 478
15 479
15 480
15 481
15 482
15 483
15 484
15 485
15 486
15 487
15 488
15 489
15 490
15 491
15 492
15 493
15 494
15 495
15 496
15 497
15 498
15 499
15 500
15 501
15 502
15 503
15 504
15 505
15 506
15 507
15 508
15 509
15 510
15 511
15 512
15 513
15 514
15 515
15 516
15 517
15 518
15 519
15 520
15 521
15 522
16 523
16 524
15 525
15 526
15 527
15 528
15 529
15 530
15 531
14 532
14 533
14 534
14 535
14 536
14 537
14 538
14 539
14 540
14 541
14 542
14 543
14 544
14 545
14 546
14 547
14 548
14 549
14 550
14 551
14 552
14 553
14 554
14 555
14 556
14 557
14 558
14 559
14 560
14 561
14 562
14 563
14 564
14 565
14 566
14 567
14 568
14 569
14 570
14 571
14 572
14 573
14 574
14 575
14 576
14 577
14 578
14 579
14 580
14 581
14 582
14 583
14 584
14 585
14 586
14 587
14 588
14 589
14 590
14 591
14 592
14 593
14 594
14 595
14 596
14 597
14 598
14 599
14 600
14 601
14 602
14 603
14 604
14 605
14 606
14 607
14 608
14 609
14 610
14 611
14 612
14 613
15 614
14 615
14 616
14 617
14 618
14 619
15 620
13 621
13 622
13 623
13 624
13 625
13 626
13 627
13 628
13 629
13 630
13 631
13 632
13 633
13 634
13 635
13 636
13 637
13 638
13 639
13 640
13 641
13 642
13 643
13 644
13 645
13 646
13 647
13 648
13 649
13 650
13 651
13 652
13 653
13 654
13 655
13 656
13 657
13 658
13 659
13 660
13 661
13 662
13 663
13 664
13 665
13 666
13 667
13 668
13 669
13 670
13 671
13 672
13 673
13 674
13 675
13 676
13 677
13 678
13 679
13 680
13 681
13 682
13 683
13 684
13 685
13 686
13 687
13 688
13 689
13 690
13 691
13 692
13 693
13 694
13 695
13 696
13 697
13 698
13 699
13 700
13 701
13 702
13 703
13 704
13 705
13 706
13 707
13 708
13 709
13 710
13 711
13 712
13 713
13 714
13 715
13 716
13 717
13 718
13 719
13 720
13 721
13 722
13 723
13 724
13 725
13 726
14 727
14 728
12 729
12 730
12 731
12 732
12 733
12 734
12 735
12 736
12 737
12 738
12 739
12 740
12 741
12 742
12 743
12 744
12 745
12 746
12 747
12 748
12 749
12 750
12 751
12 752
12 753
12 754
12 755
12 756
12 757
12 758
12 759
12 760
12 761
12 762
12 763
12 764
12 765
12 766
12 767
12 768
12 769
12 770
12 771
12 772
12 773
12 774
12 775
12 776
12 777
12 778
12 779
12 780
12 781
12 782
12 783
12 784
12 785
12 786
12 787
12 788
12 789
12 790
12 791
12 792
12 793
12 794
12 795
12 796
12 797
12 798
12 799
12 800
12 801
12 802
12 803
12 804
12 805
12 806
12 807
12 808
12 809
12 810
12 811
12 812
12 813
12 814
12 815
12 816
12 817
12 818
12 819
12 820
12 821
12 822
12 823
12 824
12 825
12 826
12 827
12 828
12 829
12 830
12 831
12 832
12 833
12 834
12 835
12 836
12 837
12 838
12 839
12 840
12 841
12 842
12 843
12 844
12 845
12 846
12 847
12 848
12 849
12 850
12 851
12 852
12 853
12 854
12 855
12 856
12 857
12 858
12 859
12 860
12 861
12 862
12 863
12 864
12 865
12 866
12 867
12 868
12 869
12 870
12 871
12 872
13 873
13 874
13 875
12 876
12 877
12 878
12 879
12 880
12 881
12 882
13 883
11 884
11 885
11 886
11 887
11 888
11 889
11 890
11 891
11 892
11 893
11 894
11 895
11 896
11 897
11 898
11 899
11 900
11 901
11 902
11 903
11 904
11 905
11 906
11 907
11 908
11 909
11 910
11 911
11 912
11 913
11 914
11 915
11 916
11 917
11 918
11 919
11 920
11 921
11 922
11 923
11 924
11 925
11 926
11 927
11 928
11 929
11 930
11 931
11 932
11 933
11 934
11 935
11 936
11 937
11 938
11 939
11 940
11 941
11 942
11 943
11 944
11 945
11 946
11 947
11 948
11 949
11 950
11 951
11 952
11 953
11 954
11 955
11 956
11 957
11 958
11 959
11 960
11 961
11 962
11 963
11 964
11 965
11 966
11 967
11 968
11 969
11 970
11 971
11 972
11 973
11 974
11 975
11 976
11 977
11 978
11 979
11 980
11 981
11 982
11 983
11 984
11 985
11 986
11 987
11 988
11 989
11 990
11 991
11 992
11 993
11 994
11 995
11 996
11 997
11 998
11 999
11 1000
11 1001
11 1002
11 1003
11 1004
11 1005
11 1006
11 1007
11 1008
11 1009
11 1010
11 1011
11 1012
11 1013
11 1014
11 1015
11 1016
11 1017
11 1018
11 1019
11 1020
11 1021
11 1022
11 1023
11 1024
11 1025
11 1026
11 1027
11 1028
11 1029
11 1030
11 1031
11 1032
11 1033
11 1034
11 1035
11 1036
11 1037
11 1038
11 1039
11 1040
11 1041
11 1042
11 1043
11 1044
11 1045
12 1046
12 1047
11 1048
11 1049
11 1050
11 1051
11 1052
11 1053
11 1054
11 1055
11 1056
11 1057
12 1058
12 1059
10 1060
10 1061
10 1062
10 1063
10 1064
10 1065
10 1066
10 1067
10 1068
10 1069
10 1070
10 1071
10 1072
10 1073
10 1074
10 1075
10 1076
10 1077
10 1078
10 1079
10 1080
10 1081
10 1082
10 1083
10 1084
10 1085
10 1086
10 1087
10 1088
10 1089
10 1090
10 1091
10 1092
10 1093
10 1094
10 1095
10 1096
10 1097
10 1098
10 1099
10 1100
10 1101
10 1102
10 1103
10 1104
10 1105
10 1106
10 1107
10 1108
10 1109
10 1110
10 1111
10 1112
10 1113
10 1114
10 1115
10 1116
10 1117
10 1118
10 1119
10 1120
10 1121
10 1122
10 1123
10 1124
10 1125
10 1126
10 1127
10 1128
10 1129
10 1130
10 1131
10 1132
10 1133
10 1134
10 1135
10 1136
10 1137
10 1138
10 1139
10 1140
10 1141
10 1142
10 1143
10 1144
10 1145
10 1146
10 1147
10 1148
10 1149
10 1150
10 1151
10 1152
10 1153
10 1154
10 1155
10 1156
10 1157
10 1158
10 1159
10 1160
10 1161
10 1162
10 1163
10 1164
10 1165
10 1166
10 1167
10 1168
10 1169
10 1170
10 1171
10 1172
10 1173
10 1174
10 1175
10 1176
10 1177
10 1178
10 1179
10 1180
10 1181
10 1182
10 1183
10 1184
10 1185
10 1186
10 1187
10 1188
10 1189
10 1190
10 1191
10 1192
10 1193
10 1194
10 1195
10 1196
10 1197
10 1198
10 1199
10 1200
10 1201
10 1202
10 1203
10 1204
10 1205
10 1206
10 1207
10 1208
10 1209
10 1210
10 1211
10 1212
10 1213
10 1214
10 1215
10 1216
10 1217
10 1218
10 1219
10 1220
10 1221
10 1222
10 1223
10 1224
10 1225
10 1226
10 1227
10 1228
10 1229
10 1230
10 1231
10 1232
10 1233
10 1234
10 1235
10 1236
10 1237
10 1238
10 1239
10 1240
10 1241
10 1242
10 1243
10 1244
10 1245
10 1246
10 1247
10 1248
10 1249
10 1250
10 1251
10 1252
10 1253
10 1254
10 1255
10 1256
10 1257
10 1258
10 1259
10 1260
10 1261
10 1262
10 1263
10 1264
10 1265
10 1266
10 1267
10 1268
10 1269
10 1270
10 1271
10 1272
10 1273
10 1274
10 1275
10 1276
10 1277
10 1278
10 1279
10 1280
10 1281
10 1282
10 1283
10 1284
10 1285
10 1286
10 1287
10 1288
10 1289
10 1290
10 1291
10 1292
10 1293
10 1294
10 1295
10 1296
10 1297
10 1298
11 1299
11 1300
11 1301
10 1302
10 1303
10 1304
10 1305
10 1306
10 1307
10 1308
10 1309
10 1310
10 1311
10 1312
9 1313
9 1314
9 1315
9 1316
9 1317
9 1318
9 1319
9 1320
9 1321
9 1322
9 1323
9 1324
9 1325
9 1326
9 1327
9 1328
9 1329
9 1330
9 1331
9 1332
9 1333
9 1334
9 1335
9 1336
9 1337
9 1338
9 1339
9 1340
9 1341
9 1342
9 1343
9 1344
9 1345
9 1346
9 1347
9 1348
9 1349
9 1350
9 1351
9 1352
9 1353
9 1354
9 1355
9 1356
9 1357
9 1358
9 1359
9 1360
9 1361
9 1362
9 1363
9 1364
9 1365
9 1366
9 1367
9 1368
9 1369
9 1370
9 1371
9 1372
9 1373
9 1374
9 1375
9 1376
9 1377
9 1378
9 1379
9 1380
9 1381
9 1382
9 1383
9 1384
9 1385
9 1386
9 1387
9 1388
9 1389
9 1390
9 1391
9 1392
9 1393
9 1394
9 1395
9 1396
9 1397
9 1398
9 1399
9 1400
9 1401
9 1402
9 1403
9 1404
9 1405
9 1406
9 1407
9 1408
9 1409
9 1410
9 1411
9 1412
9 1413
9 1414
9 1415
9 1416
9 1417
9 1418
9 1419
9 1420
9 1421
9 1422
9 1423
9 1424
9 1425
9 1426
9 1427
9 1428
9 1429
9 1430
9 1431
9 1432
9 1433
9 1434
9 1435
9 1436
9 1437
9 1438
9 1439
9 1440
9 1441
9 1442
9 1443
9 1444
9 1445
9 1446
9 1447
9 1448
9 1449
9 1450
9 1451
9 1452
9 1453
9 1454
9 1455
9 1456
9 1457
9 1458
9 1459
9 1460
9 1461
9 1462
9 1463
9 1464
9 1465
9 1466
9 1467
9 1468
9 1469
9 1470
9 1471
9 1472
9 1473
9 1474
9 1475
9 1476
9 1477
9 1478
9 1479
9 1480
9 1481
9 1482
9 1483
9 1484
9 1485
9 1486
9 1487
9 1488
9 1489
9 1490
9 1491
9 1492
9 1493
9 1494
9 1495
9 1496
9 1497
9 1498
9 1499
9 1500
9 1501
9 1502
9 1503
9 1504
9 1505
9 1506
9 1507
9 1508
9 1509
9 1510
9 1511
9 1512
9 1513
9 1514
9 1515
9 1516
9 1517
9 1518
9 1519
9 1520
9 1521
9 1522
9 1523
9 1524
9 1525
9 1526
9 1527
9 1528
9 1529
9 1530
9 1531
9 1532
9 1533
9 1534
9 1535
9 1536
9 1537
9 1538
9 1539
9 1540
9 1541
9 1542
9 1543
9 1544
9 1545
9 1546
9 1547
9 1548
9 1549
9 1550
9 1551
9 1552
9 1553
9 1554
9 1555
9 1556
9 1557
9 1558
9 1559
9 1560
9 1561
9 1562
9 1563
9 1564
9 1565
9 1566
9 1567
9 1568
9 1569
9 1570
9 1571
9 1572
9 1573
9 1574
9 1575
9 1576
9 1577
9 1578
9 1579
9 1580
9 1581
9 1582
9 1583
9 1584
9 1585
9 1586
9 1587
9 1588
9 1589
9 1590
9 1591
9 1592
9 1593
9 1594
9 1595
9 1596
9 1597
9 1598
9 1599
9 1600
9 1601
9 1602
9 1603
9 1604
9 1605
9 1606
9 1607
9 1608
9 1609
9 1610
9 1611
9 1612
9 1613
9 1614
9 1615
9 1616
9 1617
9 1618
9 1619
9 1620
9 1621
9 1622
9 1623
9 1624
9 1625
9 1626
9 1627
9 1628
9 1629
9 1630
9 1631
9 1632
9 1633
9 1634
9 1635
9 1636
9 1637
9 1638
9 1639
9 1640
9 1641
9 1642
9 1643
9 1644
9 1645
9 1646
9 1647
9 1648
9 1649
9 1650
9 1651
9 1652
9 1653
9 1654
9 1655
9 1656
10 1657
8 1658
8 1659
8 1660
8 1661
8 1662
8 1663
8 1664
8 1665
8 1666
8 1667
8 1668
8 1669
8 1670
8 1671
8 1672
8 1673
8 1674
8 1675
8 1676
8 1677
8 1678
8 1679
8 1680
8 1681
8 1682
8 1683
8 1684
8 1685
8 1686
8 1687
8 1688
8 1689
8 1690
8 1691
8 1692
8 1693
8 1694
8 1695
8 1696
8 1697
8 1698
8 1699
8 1700
8 1701
8 1702
8 1703
8 1704
8 1705
8 1706
8 1707
8 1708
8 1709
8 1710
8 1711
8 1712
8 1713
8 1714
8 1715
8 1716
8 1717
8 1718
8 1719
8 1720
8 1721
8 1722
8 1723
8 1724
8 1725
8 1726
8 1727
8 1728
8 1729
8 1730
8 1731
8 1732
8 1733
8 1734
8 1735
8 1736
8 1737
8 1738
8 1739
8 1740
8 1741
8 1742
8 1743
8 1744
8 1745
8 1746
8 1747
8 1748
8 1749
8 1750
8 1751
8 1752
8 1753
8 1754
8 1755
8 1756
8 1757
8 1758
8 1759
8 1760
8 1761
8 1762
8 1763
8 1764
8 1765
8 1766
8 1767
8 1768
8 1769
8 1770
8 1771
8 1772
8 1773
8 1774
8 1775
8 1776
8 1777
8 1778
8 1779
8 1780
8 1781
8 1782
8 1783
8 1784
8 1785
8 1786
8 1787
8 1788
8 1789
8 1790
8 1791
8 1792
8 1793
8 1794
8 1795
8 1796
8 1797
8 1798
8 1799
8 1800
8 1801
8 1802
8 1803
8 1804
8 1805
8 1806
8 1807
8 1808
8 1809
8 1810
8 1811
8 1812
8 1813
8 1814
8 1815
8 1816
8 1817
8 1818
8 1819
8 1820
8 1821
8 1822
8 1823
8 1824
8 1825
8 1826
8 1827
8 1828
8 1829
8 1830
8 1831
8 1832
8 1833
8 1834
8 1835
8 1836
8 1837
8 1838
8 1839
8 1840
8 1841
8 1842
8 1843
8 1844
8 1845
8 1846
8 1847
8 1848
8 1849
8 1850
8 1851
8 1852
8 1853
8 1854
8 1855
8 1856
8 1857
8 1858
8 1859
8 1860
8 1861
8 1862
8 1863
8 1864
8 1865
8 1866
8 1867
8 1868
8 1869
8 1870
8 1871
8 1872
8 1873
8 1874
8 1875
8 1876
8 1877
8 1878
8 1879
8 1880
8 1881
8 1882
8 1883
8 1884
8 1885
8 1886
8 1887
8 1888
8 1889
8 1890
8 1891
8 1892
8 1893
8 1894
8 1895
8 1896
8 1897
8 1898
8 1899
8 1900
8 1901
8 1902
8 1903
8 1904
8 1905
8 1906
8 1907
8 1908
8 1909
8 1910
8 1911
8 1912
8 1913
8 1914
8 1915
8 1916
8 1917
8 1918
8 1919
8 1920
8 1921
8 1922
8 1923
8 1924
8 1925
8 1926
8 1927
8 1928
8 1929
8 1930
8 1931
8 1932
8 1933
8 1934
8 1935
8 1936
8 1937
8 1938
8 1939
8 1940
8 1941
8 1942
8 1943
8 1944
8 1945
8 1946
8 1947
8 1948
8 1949
8 1950
8 1951
8 1952
8 1953
8 1954
8 1955
8 1956
8 1957
8 1958
8 1959
8 1960
8 1961
8 1962
8 1963
8 1964
8 1965
8 1966
8 1967
8 1968
8 1969
8 1970
8 1971
8 1972
8 1973
8 1974
8 1975
8 1976
8 1977
8 1978
8 1979
8 1980
8 1981
8 1982
8 1983
8 1984
8 1985
8 1986
8 1987
8 1988
8 1989
8 1990
8 1991
8 1992
8 1993
8 1994
8 1995
8 1996
8 1997
8 1998
8 1999
