2941 0
1925 1
2690 2
2751 3
1856 4
1693 5
1762 6
1271 7
1723 8
1658 9
1280 10
1739 11
1306 12
1285 13
1270 14
1015 15
1086 16
1007 17
1161 18
926 19
944 20
1084 21
1152 22
940 23
970 24
1232 25
933 26
1042 27
1092 28
1231 29
996 30
959 31
990 32
822 33
963 34
944 35
860 36
858 37
857 38
993 39
971 40
913 41
735 42
718 43
888 44
802 45
779 46
713 47
829 48
745 49
564 50
749 51
732 52
674 53
773 54
852 55
838 56
707 57
614 58
715 59
711 60
694 61
808 62
645 63
611 64
648 65
731 66
631 67
696 68
625 69
701 70
623 71
665 72
653 73
606 74
646 75
547 76
580 77
649 78
611 79
621 80
664 81
649 82
658 83
631 84
603 85
536 86
508 87
675 88
576 89
627 90
517 91
438 92
504 93
538 94
505 95
601 96
607 97
547 98
561 99
539 100
577 101
584 102
440 103
539 104
486 105
499 106
611 107
485 108
489 109
529 110
479 111
483 112
423 113
489 114
539 115
456 116
555 117
450 118
420 119
473 120
503 121
524 122
548 123
385 124
471 125
503 126
454 127
494 128
437 129
479 130
419 131
421 132
469 133
446 134
456 135
421 136
467 137
468 138
461 139
381 140
433 141
452 142
393 143
375 144
437 145
458 146
459 147
474 148
488 149
410 150
431 151
441 152
431 153
457 154
342 155
446 156
435 157
469 158
395 159
385 160
423 161
398 162
458 163
394 164
400 165
421 166
410 167
410 168
372 169
401 170
412 171
433 172
394 173
397 174
391 175
445 176
406 177
444 178
448 179
411 180
466 181
373 182
372 183
439 184
380 185
399 186
385 187
424 188
413 189
339 190
427 191
426 192
361 193
427 194
360 195
342 196
388 197
382 198
420 199
399 200
402 201
333 202
392 203
415 204
403 205
358 206
383 207
324 208
353 209
369 210
393 211
375 212
358 213
350 214
356 215
374 216
349 217
380 218
384 219
354 220
363 221
343 222
347 223
356 224
355 225
390 226
391 227
375 228
361 229
353 230
362 231
392 232
381 233
332 234
359 235
369 236
327 237
338 238
363 239
336 240
349 241
365 242
279 243
380 244
367 245
370 246
325 247
292 248
346 249
328 250
313 251
370 252
332 253
333 254
350 255
366 256
280 257
342 258
333 259
334 260
371 261
278 262
341 263
341 264
355 265
295 266
321 267
328 268
305 269
283 270
270 271
347 272
332 273
323 274
288 275
316 276
330 277
341 278
278 279
273 280
295 281
354 282
311 283
292 284
333 285
327 286
306 287
236 288
314 289
282 290
337 291
339 292
315 293
297 294
284 295
303 296
324 297
266 298
292 299
273 300
300 301
291 302
293 303
299 304
300 305
278 306
306 307
307 308
292 309
289 310
302 311
293 312
311 313
299 314
303 315
321 316
283 317
266 318
296 319
251 320
295 321
303 322
267 323
318 324
272 325
313 326
273 327
245 328
296 329
236 330
246 331
257 332
284 333
255 334
232 335
262 336
253 337
328 338
264 339
255 340
272 341
243 342
259 343
244 344
276 345
280 346
206 347
269 348
257 349
237 350
235 351
248 352
289 353
274 354
165 355
264 356
252 357
273 358
252 359
252 360
217 361
264 362
266 363
268 364
255 365
248 366
244 367
275 368
237 369
237 370
260 371
231 372
250 373
219 374
245 375
246 376
262 377
246 378
251 379
228 380
232 381
219 382
264 383
272 384
252 385
255 386
264 387
252 388
217 389
220 390
245 391
230 392
262 393
240 394
213 395
246 396
224 397
195 398
274 399
242 400
224 401
260 402
220 403
228 404
255 405
244 406
207 407
228 408
258 409
200 410
252 411
258 412
206 413
222 414
233 415
179 416
243 417
206 418
190 419
231 420
227 421
186 422
180 423
239 424
205 425
198 426
235 427
211 428
218 429
205 430
215 431
209 432
197 433
200 434
184 435
226 436
215 437
222 438
207 439
198 440
203 441
205 442
199 443
232 444
216 445
197 446
238 447
208 448
195 449
234 450
215 451
205 452
182 453
237 454
186 455
221 456
180 457
195 458
216 459
218 460
222 461
213 462
215 463
206 464
214 465
161 466
204 467
192 468
198 469
204 470
184 471
201 472
181 473
216 474
207 475
195 476
221 477
217 478
216 479
180 480
177 481
188 482
215 483
218 484
215 485
225 486
205 487
192 488
200 489
163 490
205 491
218 492
206 493
204 494
184 495
209 496
163 497
190 498
174 499
206 500
217 501
201 502
169 503
159 504
202 505
208 506
220 507
185 508
172 509
184 510
183 511
162 512
211 513
199 514
209 515
203 516
190 517
191 518
187 519
187 520
170 521
196 522
206 523
192 524
212 525
219 526
159 527
179 528
193 529
184 530
179 531
183 532
184 533
191 534
157 535
171 536
193 537
199 538
178 539
187 540
180 541
179 542
175 543
214 544
201 545
194 546
178 547
169 548
188 549
174 550
208 551
170 552
194 553
155 554
191 555
181 556
177 557
194 558
161 559
176 560
187 561
179 562
182 563
178 564
207 565
169 566
160 567
184 568
193 569
164 570
169 571
157 572
153 573
187 574
141 575
191 576
167 577
207 578
203 579
195 580
170 581
174 582
176 583
160 584
153 585
180 586
173 587
168 588
130 589
161 590
191 591
123 592
167 593
156 594
177 595
190 596
184 597
182 598
171 599
149 600
175 601
171 602
176 603
174 604
158 605
144 606
149 607
141 608
169 609
140 610
164 611
125 612
138 613
159 614
162 615
155 616
185 617
156 618
168 619
170 620
177 621
156 622
157 623
172 624
157 625
167 626
128 627
163 628
144 629
156 630
148 631
167 632
157 633
157 634
162 635
133 636
175 637
161 638
151 639
137 640
174 641
133 642
161 643
172 644
127 645
142 646
142 647
131 648
168 649
152 650
166 651
138 652
149 653
139 654
150 655
153 656
145 657
159 658
140 659
136 660
152 661
144 662
153 663
114 664
176 665
164 666
149 667
159 668
161 669
156 670
138 671
125 672
134 673
113 674
119 675
160 676
160 677
147 678
145 679
152 680
154 681
150 682
137 683
143 684
145 685
124 686
151 687
121 688
145 689
154 690
135 691
122 692
124 693
154 694
100 695
153 696
151 697
138 698
121 699
142 700
137 701
145 702
132 703
137 704
145 705
137 706
135 707
123 708
145 709
137 710
145 711
133 712
139 713
126 714
140 715
148 716
137 717
158 718
136 719
155 720
124 721
158 722
118 723
123 724
148 725
124 726
148 727
137 728
141 729
141 730
116 731
110 732
134 733
140 734
137 735
130 736
149 737
150 738
142 739
131 740
125 741
146 742
121 743
128 744
113 745
120 746
157 747
117 748
155 749
139 750
122 751
121 752
138 753
124 754
143 755
129 756
146 757
119 758
120 759
131 760
116 761
135 762
133 763
128 764
137 765
161 766
126 767
145 768
132 769
121 770
143 771
138 772
109 773
122 774
148 775
127 776
114 777
132 778
117 779
128 780
137 781
147 782
113 783
140 784
137 785
136 786
144 787
140 788
86 789
132 790
124 791
140 792
118 793
100 794
122 795
142 796
132 797
119 798
129 799
116 800
120 801
112 802
123 803
109 804
113 805
105 806
105 807
124 808
117 809
134 810
106 811
129 812
143 813
130 814
104 815
124 816
129 817
125 818
111 819
116 820
122 821
122 822
127 823
135 824
122 825
124 826
86 827
108 828
136 829
95 830
133 831
107 832
120 833
119 834
123 835
133 836
121 837
130 838
102 839
125 840
131 841
133 842
113 843
119 844
100 845
116 846
128 847
130 848
131 849
108 850
132 851
128 852
111 853
94 854
108 855
105 856
110 857
119 858
132 859
86 860
110 861
102 862
127 863
130 864
107 865
111 866
116 867
102 868
95 869
77 870
117 871
104 872
114 873
117 874
112 875
101 876
106 877
82 878
121 879
88 880
97 881
122 882
118 883
109 884
128 885
116 886
115 887
139 888
105 889
89 890
115 891
109 892
113 893
100 894
103 895
125 896
113 897
123 898
109 899
101 900
113 901
108 902
118 903
112 904
108 905
120 906
130 907
100 908
103 909
105 910
106 911
112 912
95 913
99 914
109 915
123 916
110 917
123 918
104 919
117 920
84 921
90 922
108 923
86 924
108 925
117 926
112 927
109 928
96 929
95 930
98 931
95 932
117 933
100 934
115 935
109 936
108 937
111 938
121 939
116 940
99 941
117 942
100 943
86 944
91 945
115 946
100 947
99 948
81 949
104 950
106 951
101 952
94 953
107 954
102 955
104 956
102 957
98 958
99 959
93 960
92 961
109 962
98 963
105 964
101 965
103 966
101 967
118 968
103 969
104 970
97 971
104 972
84 973
116 974
102 975
103 976
107 977
106 978
103 979
103 980
108 981
108 982
111 983
92 984
100 985
112 986
86 987
101 988
101 989
95 990
93 991
88 992
101 993
104 994
87 995
87 996
89 997
102 998
100 999
93 1000
101 1001
106 1002
75 1003
99 1004
97 1005
105 1006
92 1007
99 1008
97 1009
106 1010
100 1011
88 1012
84 1013
88 1014
100 1015
95 1016
104 1017
99 1018
109 1019
113 1020
108 1021
96 1022
86 1023
67 1024
101 1025
83 1026
98 1027
103 1028
93 1029
85 1030
102 1031
94 1032
98 1033
91 1034
97 1035
61 1036
82 1037
91 1038
80 1039
94 1040
92 1041
95 1042
99 1043
81 1044
100 1045
101 1046
99 1047
84 1048
98 1049
105 1050
94 1051
100 1052
101 1053
104 1054
92 1055
99 1056
102 1057
96 1058
99 1059
99 1060
104 1061
77 1062
94 1063
99 1064
92 1065
106 1066
93 1067
97 1068
91 1069
88 1070
101 1071
87 1072
100 1073
86 1074
88 1075
83 1076
93 1077
79 1078
86 1079
92 1080
98 1081
89 1082
98 1083
97 1084
103 1085
93 1086
91 1087
100 1088
90 1089
93 1090
62 1091
81 1092
100 1093
93 1094
86 1095
93 1096
58 1097
81 1098
101 1099
97 1100
101 1101
90 1102
61 1103
73 1104
110 1105
89 1106
97 1107
93 1108
94 1109
83 1110
97 1111
71 1112
84 1113
99 1114
80 1115
79 1116
86 1117
82 1118
76 1119
95 1120
83 1121
86 1122
86 1123
89 1124
86 1125
93 1126
81 1127
94 1128
79 1129
77 1130
98 1131
76 1132
92 1133
103 1134
91 1135
80 1136
105 1137
92 1138
83 1139
76 1140
89 1141
102 1142
93 1143
85 1144
95 1145
91 1146
71 1147
70 1148
93 1149
84 1150
86 1151
95 1152
96 1153
97 1154
97 1155
80 1156
73 1157
75 1158
92 1159
103 1160
86 1161
94 1162
89 1163
88 1164
88 1165
80 1166
75 1167
95 1168
60 1169
93 1170
100 1171
92 1172
73 1173
83 1174
95 1175
76 1176
89 1177
87 1178
72 1179
101 1180
70 1181
70 1182
79 1183
86 1184
98 1185
92 1186
66 1187
80 1188
78 1189
89 1190
60 1191
79 1192
93 1193
85 1194
80 1195
69 1196
90 1197
84 1198
78 1199
83 1200
72 1201
74 1202
81 1203
84 1204
82 1205
75 1206
82 1207
72 1208
88 1209
84 1210
84 1211
71 1212
74 1213
65 1214
83 1215
61 1216
73 1217
61 1218
81 1219
79 1220
86 1221
78 1222
71 1223
68 1224
86 1225
82 1226
90 1227
77 1228
73 1229
76 1230
84 1231
72 1232
83 1233
78 1234
60 1235
86 1236
90 1237
75 1238
74 1239
56 1240
64 1241
82 1242
83 1243
76 1244
71 1245
86 1246
54 1247
76 1248
77 1249
86 1250
65 1251
69 1252
72 1253
80 1254
89 1255
83 1256
85 1257
55 1258
69 1259
92 1260
87 1261
71 1262
84 1263
75 1264
67 1265
88 1266
77 1267
85 1268
72 1269
77 1270
80 1271
78 1272
75 1273
80 1274
68 1275
76 1276
77 1277
74 1278
82 1279
55 1280
68 1281
73 1282
77 1283
72 1284
76 1285
67 1286
71 1287
67 1288
64 1289
70 1290
73 1291
68 1292
67 1293
85 1294
82 1295
65 1296
81 1297
48 1298
83 1299
88 1300
83 1301
76 1302
73 1303
54 1304
57 1305
60 1306
80 1307
70 1308
66 1309
69 1310
78 1311
74 1312
64 1313
69 1314
69 1315
87 1316
74 1317
62 1318
72 1319
70 1320
73 1321
81 1322
69 1323
59 1324
72 1325
73 1326
75 1327
73 1328
77 1329
69 1330
78 1331
79 1332
77 1333
70 1334
74 1335
82 1336
71 1337
68 1338
47 1339
70 1340
81 1341
75 1342
68 1343
68 1344
70 1345
76 1346
66 1347
77 1348
75 1349
71 1350
69 1351
68 1352
67 1353
68 1354
66 1355
66 1356
57 1357
73 1358
64 1359
74 1360
59 1361
70 1362
74 1363
76 1364
69 1365
63 1366
47 1367
51 1368
68 1369
81 1370
65 1371
72 1372
81 1373
77 1374
65 1375
70 1376
66 1377
78 1378
58 1379
72 1380
68 1381
67 1382
74 1383
64 1384
64 1385
66 1386
77 1387
71 1388
74 1389
70 1390
69 1391
62 1392
62 1393
62 1394
59 1395
63 1396
68 1397
67 1398
62 1399
59 1400
74 1401
66 1402
62 1403
66 1404
66 1405
69 1406
53 1407
64 1408
57 1409
69 1410
69 1411
68 1412
67 1413
67 1414
57 1415
69 1416
69 1417
72 1418
72 1419
59 1420
70 1421
65 1422
62 1423
76 1424
65 1425
56 1426
72 1427
66 1428
65 1429
65 1430
71 1431
75 1432
60 1433
66 1434
67 1435
62 1436
72 1437
55 1438
56 1439
76 1440
62 1441
63 1442
61 1443
56 1444
69 1445
64 1446
76 1447
48 1448
54 1449
68 1450
67 1451
70 1452
66 1453
55 1454
50 1455
60 1456
46 1457
52 1458
60 1459
62 1460
60 1461
68 1462
57 1463
64 1464
74 1465
65 1466
67 1467
47 1468
64 1469
59 1470
62 1471
43 1472
65 1473
58 1474
55 1475
68 1476
58 1477
55 1478
68 1479
69 1480
60 1481
57 1482
54 1483
62 1484
66 1485
64 1486
50 1487
55 1488
49 1489
62 1490
68 1491
50 1492
65 1493
51 1494
62 1495
61 1496
59 1497
60 1498
63 1499
70 1500
52 1501
67 1502
66 1503
56 1504
68 1505
61 1506
63 1507
60 1508
49 1509
57 1510
60 1511
61 1512
68 1513
57 1514
54 1515
52 1516
71 1517
48 1518
65 1519
64 1520
60 1521
53 1522
56 1523
55 1524
54 1525
67 1526
53 1527
60 1528
55 1529
65 1530
48 1531
48 1532
66 1533
59 1534
70 1535
63 1536
64 1537
61 1538
46 1539
55 1540
60 1541
63 1542
50 1543
62 1544
57 1545
53 1546
60 1547
54 1548
68 1549
53 1550
61 1551
60 1552
59 1553
64 1554
64 1555
59 1556
43 1557
45 1558
65 1559
61 1560
54 1561
49 1562
57 1563
58 1564
62 1565
67 1566
61 1567
49 1568
61 1569
63 1570
40 1571
51 1572
55 1573
62 1574
63 1575
64 1576
62 1577
51 1578
58 1579
40 1580
63 1581
65 1582
54 1583
54 1584
50 1585
59 1586
56 1587
59 1588
55 1589
58 1590
54 1591
55 1592
59 1593
56 1594
58 1595
61 1596
56 1597
55 1598
59 1599
59 1600
59 1601
63 1602
54 1603
51 1604
57 1605
63 1606
69 1607
53 1608
42 1609
57 1610
47 1611
54 1612
58 1613
56 1614
69 1615
49 1616
40 1617
57 1618
47 1619
50 1620
53 1621
56 1622
53 1623
53 1624
53 1625
54 1626
50 1627
53 1628
55 1629
49 1630
52 1631
59 1632
50 1633
50 1634
55 1635
55 1636
54 1637
46 1638
58 1639
55 1640
60 1641
52 1642
51 1643
38 1644
36 1645
45 1646
52 1647
48 1648
56 1649
53 1650
55 1651
56 1652
52 1653
53 1654
57 1655
52 1656
60 1657
58 1658
50 1659
54 1660
59 1661
55 1662
51 1663
57 1664
40 1665
52 1666
56 1667
60 1668
51 1669
56 1670
48 1671
52 1672
54 1673
47 1674
57 1675
59 1676
63 1677
58 1678
49 1679
46 1680
58 1681
52 1682
44 1683
50 1684
56 1685
57 1686
54 1687
51 1688
51 1689
51 1690
51 1691
50 1692
58 1693
47 1694
52 1695
45 1696
50 1697
50 1698
56 1699
58 1700
55 1701
50 1702
55 1703
46 1704
38 1705
46 1706
57 1707
54 1708
54 1709
52 1710
59 1711
46 1712
48 1713
42 1714
46 1715
45 1716
60 1717
55 1718
57 1719
54 1720
50 1721
57 1722
45 1723
49 1724
47 1725
47 1726
51 1727
44 1728
44 1729
44 1730
54 1731
46 1732
40 1733
40 1734
38 1735
52 1736
55 1737
47 1738
43 1739
43 1740
56 1741
56 1742
49 1743
51 1744
55 1745
42 1746
52 1747
55 1748
47 1749
43 1750
40 1751
49 1752
46 1753
51 1754
62 1755
53 1756
45 1757
47 1758
50 1759
51 1760
54 1761
41 1762
44 1763
44 1764
58 1765
45 1766
48 1767
48 1768
40 1769
52 1770
51 1771
43 1772
56 1773
38 1774
48 1775
48 1776
41 1777
51 1778
45 1779
45 1780
33 1781
42 1782
55 1783
44 1784
48 1785
50 1786
52 1787
45 1788
48 1789
52 1790
55 1791
38 1792
46 1793
44 1794
33 1795
51 1796
51 1797
51 1798
45 1799
42 1800
43 1801
43 1802
44 1803
50 1804
38 1805
44 1806
49 1807
45 1808
39 1809
46 1810
42 1811
43 1812
57 1813
56 1814
48 1815
54 1816
52 1817
42 1818
54 1819
47 1820
39 1821
45 1822
48 1823
46 1824
50 1825
43 1826
36 1827
45 1828
46 1829
48 1830
42 1831
42 1832
50 1833
48 1834
40 1835
44 1836
55 1837
43 1838
50 1839
44 1840
46 1841
46 1842
48 1843
42 1844
45 1845
50 1846
49 1847
50 1848
47 1849
44 1850
47 1851
50 1852
49 1853
50 1854
42 1855
43 1856
58 1857
40 1858
50 1859
28 1860
38 1861
51 1862
42 1863
47 1864
43 1865
46 1866
45 1867
50 1868
43 1869
37 1870
45 1871
52 1872
42 1873
36 1874
47 1875
43 1876
37 1877
56 1878
50 1879
47 1880
41 1881
36 1882
44 1883
40 1884
50 1885
40 1886
36 1887
43 1888
52 1889
45 1890
40 1891
51 1892
41 1893
46 1894
48 1895
46 1896
42 1897
44 1898
45 1899
41 1900
53 1901
54 1902
43 1903
46 1904
34 1905
32 1906
53 1907
51 1908
43 1909
50 1910
44 1911
45 1912
49 1913
41 1914
52 1915
48 1916
42 1917
43 1918
53 1919
37 1920
41 1921
35 1922
47 1923
34 1924
43 1925
40 1926
48 1927
51 1928
45 1929
47 1930
51 1931
41 1932
42 1933
43 1934
43 1935
52 1936
52 1937
40 1938
47 1939
35 1940
38 1941
44 1942
43 1943
50 1944
40 1945
31 1946
40 1947
45 1948
45 1949
45 1950
49 1951
49 1952
35 1953
38 1954
33 1955
46 1956
29 1957
44 1958
40 1959
48 1960
35 1961
43 1962
45 1963
39 1964
44 1965
45 1966
35 1967
43 1968
36 1969
40 1970
36 1971
45 1972
47 1973
50 1974
44 1975
45 1976
41 1977
41 1978
40 1979
37 1980
46 1981
37 1982
44 1983
46 1984
41 1985
48 1986
44 1987
42 1988
50 1989
33 1990
37 1991
42 1992
43 1993
38 1994
47 1995
39 1996
39 1997
36 1998
41 1999
